126
0 4 -1
1 4 -1
2 4 -1
3 4 -1
0 5 -1
1 5 1
2 5 -1
3 5 1
0 6 -1
1 6 -1
2 6 -1
3 6 -1
0 7 1
1 7 -1
2 7 1
3 7 1
4 12 -1
8 12 1
9 12 1
10 12 1
11 12 -1
5 13 -1
8 13 1
9 13 -1
10 13 -1
11 13 -1
6 14 -1
8 14 1
9 14 -1
10 14 -1
11 14 1
7 15 1
8 15 -1
9 15 -1
10 15 1
11 15 1
12 20 1
16 20 1
17 20 -1
18 20 -1
19 20 -1
13 21 -1
16 21 -1
17 21 1
18 21 1
19 21 -1
14 22 1
16 22 -1
17 22 1
18 22 -1
19 22 1
15 23 -1
16 23 1
17 23 -1
18 23 -1
19 23 -1
20 28 -1
24 28 -1
25 28 -1
26 28 1
27 28 1
21 29 -1
24 29 -1
25 29 1
26 29 1
27 29 1
22 30 1
24 30 1
25 30 -1
26 30 -1
27 30 -1
23 31 -1
24 31 -1
25 31 1
26 31 1
27 31 -1
0 64 1
1 65 1
2 66 1
3 67 -1
64 68 1
65 68 -1
66 68 -1
67 68 -1
64 69 1
65 69 1
66 69 -1
67 69 -1
64 70 -1
65 70 -1
66 70 -1
67 70 1
64 71 -1
65 71 -1
66 71 -1
67 71 -1
8 72 1
9 73 1
11 75 1
68 76 -1
72 76 -1
73 76 -1
75 76 -1
69 77 -1
72 77 -1
73 77 1
75 77 -1
70 78 1
72 78 1
73 78 -1
75 78 -1
71 79 -1
72 79 1
73 79 1
75 79 1
16 80 -1
17 81 -1
18 82 -1
19 83 -1
76 84 -1
80 84 -1
81 84 -1
82 84 1
83 84 -1
77 85 -1
80 85 1
81 85 -1
82 85 1
83 85 1
78 86 -1
80 86 -1
81 86 1
82 86 1
83 86 1
79 87 -1
80 87 -1
81 87 1
82 87 1
83 87 -1
24 88 -1
25 89 -1
26 90 1
27 91 -1
84 92 -1
88 92 -1
89 92 -1
90 92 1
91 92 1
85 93 -1
88 93 -1
89 93 1
90 93 -1
91 93 1
86 94 -1
88 94 1
89 94 -1
90 94 1
91 94 1
87 95 -1
88 95 1
89 95 1
90 95 1
91 95 1
64 128 1
65 129 1
66 130 1
67 131 1
128 132 1
129 132 1
130 132 1
131 132 -1
128 133 1
129 133 -1
130 133 1
131 133 1
128 134 1
129 134 -1
130 134 -1
131 134 1
128 135 1
129 135 1
130 135 1
131 135 1
72 136 -1
73 137 -1
75 139 1
133 141 1
136 141 -1
137 141 1
138 141 -1
139 141 -1
134 142 -1
136 142 -1
137 142 -1
138 142 -1
139 142 -1
135 143 -1
136 143 1
137 143 1
138 143 1
139 143 -1
80 144 1
81 145 -1
82 146 1
83 147 -1
144 148 -1
145 148 -1
146 148 -1
147 148 1
141 149 -1
144 149 -1
145 149 -1
146 149 -1
147 149 1
142 150 -1
144 150 1
145 150 1
146 150 -1
147 150 1
143 151 1
144 151 -1
145 151 1
146 151 -1
147 151 1
88 152 -1
89 153 1
90 154 -1
91 155 -1
148 156 -1
152 156 -1
153 156 1
154 156 -1
155 156 1
149 157 -1
152 157 1
153 157 -1
154 157 1
155 157 -1
150 158 1
152 158 1
153 158 1
154 158 -1
155 158 1
151 159 -1
152 159 1
153 159 1
154 159 1
155 159 1
128 192 -1
129 193 1
130 194 1
131 195 -1
192 196 -1
193 196 -1
194 196 -1
195 196 1
192 197 -1
193 197 -1
194 197 1
195 197 1
192 198 1
193 198 -1
194 198 -1
195 198 1
192 199 -1
193 199 1
194 199 -1
195 199 1
136 200 1
137 201 -1
138 202 -1
139 203 1
196 204 1
200 204 1
201 204 -1
202 204 -1
203 204 1
197 205 -1
200 205 1
201 205 -1
202 205 1
203 205 -1
198 206 1
200 206 -1
201 206 -1
202 206 -1
203 206 -1
199 207 -1
200 207 1
201 207 1
202 207 1
203 207 -1
144 208 1
145 209 1
146 210 1
147 211 1
204 212 1
208 212 1
209 212 -1
210 212 -1
211 212 -1
205 213 -1
208 213 1
209 213 -1
210 213 -1
211 213 1
206 214 -1
208 214 -1
209 214 -1
210 214 -1
211 214 -1
207 215 1
208 215 -1
209 215 -1
210 215 -1
211 215 -1
152 216 -1
153 217 -1
154 218 -1
155 219 -1
212 220 -1
216 220 -1
217 220 -1
218 220 1
219 220 1
213 221 -1
216 221 -1
217 221 -1
218 221 -1
219 221 1
214 222 1
216 222 -1
217 222 1
218 222 1
219 222 1
215 223 1
216 223 1
217 223 -1
218 223 -1
219 223 1